0.001,0.09486769370975626,9.486769325305897e-05,360.06266375871,-300,0.05704416293429194
0.002,-0.08125927576598434,1.3608418105513216e-05,0.11554702214154997,82.48576488929226,0.05923092346124861
0.003,0.1673631656104999,0.00018097158325633747,0.14548403281934869,82.33607983590326,0.06109102617813255
0.004,0.23070205332324067,0.0004116736348780212,0.19234707538868032,82.1017646230566,0.06274013164299193
0.005,0.20240149535805382,0.0006140751286773505,0.16756339214439067,82.22568303927804,0.0641741010030157
0.006,0.12404328285405285,0.0007381184106171149,0.1041794331448206,82.5426028342759,0.06539876976294333
0.007,0.021907898886960007,0.000760026308932714,0.05028655099822733,82.81206724500888,0.0664237947218329
0.008,-0.0864562393802298,0.0006735700691857172,0.10524083879605746,82.53729580601971,0.067257693506257
0.009000000000000001,-0.18948910368179614,0.0004840809657599646,0.18886739055165042,82.11916304724176,0.06790906534598655
0.010000000000000002,-0.280153424462503,0.00020392754292174086,0.2651881509634371,81.73755924518282,0.06838760620722606
0.011000000000000003,-0.3542947637178953,-0.00015036721720391918,0.3275977175932628,81.42551141203369,0.06870587424396556
0.012000000000000004,-0.40985843948144085,-0.000560225650974622,0.3737016606420915,81.19499169678954,0.06887974496743417
0.013000000000000005,-0.4462590141074553,-0.0010064846576246331,0.4029083439672943,81.04895828016353,0.06892754963358211
0.014000000000000005,-0.4641890393839862,-0.0014706736885553996,0.41593713491995216,80.98381432540023,0.06886935467264353
0.015000000000000006,-0.4654220782742491,-0.0019360957582553978,0.414513849213888,80.99093075393057,0.06872624076119564
0.016000000000000007,-0.45260410208076274,-0.002388699852393845,0.40113756873510636,81.05781215632447,0.06851991444195546
0.017000000000000008,-0.4287892827173579,-0.00281748912829143,0.3786329324690173,81.17033533765492,0.06827167689886803
0.01800000000000001,-0.3969602881353611,-0.003214449410935285,0.3497093686031384,81.3149531569843,0.0680007444120419
0.01900000000000001,-0.3600834369382677,-0.0035745328436768554,0.3170052845532503,81.47847357723376,0.06772373880410547
0.02000000000000001,-0.3208772191287932,-0.0038954100597181868,0.28287980525444506,81.64910097372777,0.06745416063048186
0.02100000000000001,-0.28169311431965455,-0.004177103171809452,0.2493169932717117,81.81691503364144,0.06720211588186367
0.022000000000000013,-0.2444441558452922,-0.0044215473260359696,0.21787586395670858,81.97412068021646,0.06697427401365051
0.023000000000000013,-0.2105797282850302,-0.004632127053099736,0.18968365254615077,82.11508173726925,0.06677404886946431
0.024000000000000014,-0.1810963043402974,-0.0048132233564539975,0.16546172864594302,82.23619135677028,0.06660197408466416
0.025000000000000015,-0.1565734822300759,-0.004969796837817947,0.1455735918865722,82.33563204056715,0.06645622610160595
0.026000000000000016,-0.13722577852910506,-0.005107022615522666,0.13008532933250785,82.41307335333745,0.06633323611230225
0.027000000000000017,-0.12296245540547066,-0.005229985070093503,0.11882972400399959,82.46935137998001,0.06622832886405147
0.028000000000000018,-0.11330407756313667,-0.005343289146788876,0.1113456855640703,82.50677157217964,0.0661364015815633
0.02900000000000002,-0.10798629850502559,-0.005451275444362882,0.10737845112690983,82.52660774436546,0.06605227300589261
0.03000000000000002,-0.10633250590308586,-0.005557607949254974,0.10635065111862857,82.53174674440686,0.06597122696107305
0.03100000000000002,-0.10761327773454674,-0.005665221225885892,0.10765398304213393,82.52523008478933,0.06588931119757115
0.03200000000000002,-0.11105483060683947,-0.005776276055268518,0.11065063156620322,82.510246842169,0.06580352570504326
0.03300000000000002,-0.11588361157419184,-0.005892159665497398,0.11470705318391242,82.48996473408043,0.0657118952333429
0.03400000000000002,-0.1214433633544511,-0.006013603027377109,0.11929201612411222,82.46703991937943,0.0656134044270543
0.035000000000000024,-0.1271408992989296,-0.006140743925065976,0.12393016930177161,82.44384915349114,0.06550789298267136
0.036000000000000025,-0.13248022664602488,-0.006273224149964078,0.12822896207262435,82.42235518963687,0.06539589604213471
0.037000000000000026,-0.13707544203269145,-0.006410299590111407,0.1318873747871496,82.40406312606426,0.06527845791419544
0.03800000000000003,-0.1406552228611,-0.006550954810952341,0.13469775227314387,82.39001123863429,0.06515694037455214
0.03900000000000003,-0.14306031323730978,-0.0066940151220386095,0.13654229756993658,82.38078851215033,0.0650328429255232
0.04000000000000003,-0.14423503047422623,-0.006838250150235245,0.13738522823377639,82.37657385883112,0.06490764798697855
0.04100000000000003,-0.14421398120196202,-0.006982464129036947,0.1372615595577858,82.37719220221108,0.06478269933349344
0.04200000000000003,-0.1431053142261992,-0.00712556944074297,0.13626350056931372,82.38218249715344,0.06465911759421483
0.04300000000000003,-0.1410719064442986,-0.007266641344548386,0.1345254704979599,82.39087264751021,0.06453775263646401
0.04400000000000003,-0.13831186843897264,-0.007404953210229274,0.13220873490427923,82.40245632547861,0.06441916941966229
0.04500000000000003,-0.13503966630805153,-0.007539992873657927,0.12948660504657436,82.41606697476713,0.06430366159925804
0.046000000000000034,-0.13146898886779518,-0.007671461859521546,0.12653103390126416,82.43084483049367,0.06419128582691495
0.047000000000000035,-0.12779825839641726,-0.007799260114784563,0.12350128272798962,82.44599358636006,0.06408190927916091
0.048000000000000036,-0.12419940545091432,-0.007923459516967804,0.12053513281556645,82.46082433592218,0.06397526331425546
0.04900000000000004,-0.1208102298243333,-0.008044269743384926,0.11774289667971717,82.4747855166014,0.0638709971138546
0.05000000000000004,-0.1177303743961972,-0.00816200011422914,0.11520425940011658,82.48747870299943,0.06376872649041222
0.05100000000000004,-0.11502067258638393,-0.008277020783113816,0.11296777487994378,82.49866112560028,0.06366807453629564
0.05200000000000004,-0.11270541191893146,-0.008389726191176746,0.11105266897242203,82.50823665513789,0.06356870226649262
0.05300000000000004,-0.11077690056020584,-0.00850050308772253,0.1094524749807036,82.5162376250965,0.06347032873447898
0.05400000000000004,-0.109201636633637,-0.008609704720179648,0.10813995350159322,82.52280023249205,0.063372741184696
0.05500000000000004,-0.10792736035926387,-0.00871763207619703,0.10707272846973657,82.52813635765133,0.06327579659850471
0.05600000000000004,-0.10689031000276647,-0.008824522381689652,0.10619910022181463,82.53250449889093,0.06317941648366567
0.057000000000000044,-0.10602209215368627,-0.00893054446916232,0.1054635649910011,82.53618217504498,0.06308357696834002
0.058000000000000045,-0.10525570065265574,-0.009035800164960682,0.10481166686511531,82.53944166567443,0.0629882962327951
0.059000000000000045,-0.10453036080914768,-0.009140330520740005,0.10419392011217812,82.54253039943912,0.06289362109782974
0.060000000000000046,-0.10379502219538417,-0.009244125537727865,0.10356865558288825,82.54565672208557,0.06279961424881254
0.06100000000000005,-0.10301046069192411,-0.009347135993032406,0.10290375391696106,82.5489812304152,0.06270634317001453
0.06200000000000005,-0.10215006880773253,-0.009449286056270722,0.10217732286349362,82.55261338568253,0.06261387144428865
0.06300000000000004,-0.1011995057390044,-0.009550485556256046,0.10137745077705791,82.55661274611471,0.06252225268746503
0.06400000000000004,-0.10015544140031618,-0.009650640991716121,0.10050122009220383,82.56099389953897,0.06243152706100214
0.06500000000000004,-0.09902366124563965,-0.009749664646832589,0.09955319265984394,82.56573403670077,0.06234172006267497
0.06600000000000004,-0.09781680348788266,-0.009847481443999915,0.09854358479652438,82.57078207601738,0.06225284313839226
0.06700000000000005,-0.09655198149209726,-0.00994403341897757,0.09748633677251982,82.57606831613741,0.06216489558414234
0.06800000000000005,-0.09524850730779194,-0.010039281919574471,0.09639725345647794,82.58151373271761,0.06207786720514754
0.06900000000000005,-0.09392588398538936,-0.01013320779664995,0.0952923549757964,82.58703822512102,0.06199174125338703
0.07000000000000005,-0.09260218024166826,-0.010225809969780088,0.0941865330714998,82.5925673346425,0.061906497254476577
0.07100000000000005,-0.09129284763848018,-0.010317102810102828,0.0930925655648364,82.59803717217581,0.06182211344509958
0.07200000000000005,-0.09000999155168934,-0.010407112794131994,0.09202050123048362,82.60339749384758,0.061738568654866474
0.07300000000000005,-0.08876206666387379,-0.010495874853063986,0.0909773936629034,82.60861303168548,0.06165584356952209
0.07400000000000005,-0.08755393748600665,-0.0105834287826062,0.08996733723823122,82.61366331380884,0.06157392139804128
0.07500000000000005,-0.08638722498516523,-0.010669815999433126,0.08899174157069976,82.61854129214652,0.06149278802762021
0.07600000000000005,-0.08526085174362316,-0.01075507684280154,0.08804977306065263,82.62325113469673,0.06141243178873149
0.07700000000000005,-0.08417169863177403,-0.010839248532838608,0.08713889201865224,82.62780553990673,0.06133284296695243
0.07800000000000006,-0.083115293962613,-0.01092236381798449,0.08625541997949793,82.6322229001025,0.06125401319388838
0.07900000000000006,-0.0820864694857404,-0.011004450278428952,0.0853950825565137,82.63652458721744,0.061175934830952815
0.08000000000000006,-0.08107993411497019,-0.01108553020327554,0.08455348662677108,82.64073256686615,0.0610986004330486
0.08100000000000006,-0.08009073330387155,-0.011165620927081373,0.0837265045690181,82.64486747715492,0.0610220023464231
0.08200000000000006,-0.07911457908896338,-0.011244735496440074,0.08291055239659792,82.64894723801702,0.06094613246511209
0.08300000000000006,-0.07814805015340354,-0.011322883536628385,0.08210276051244639,82.65298619743777,0.06087098214498928
0.08400000000000006,-0.07718867279013439,-0.011400072199216,0.08130104544631192,82.65699477276843,0.06079654225198876
0.08500000000000006,-0.07623490192331342,-0.011476307090696743,0.08050409795085026,82.66097951024575,0.06072280330975683
0.08600000000000006,-0.07528602605771392,-0.011551593106069197,0.0797113069129498,82.66494346543526,0.060649755705103475
0.08700000000000006,-0.0743420216221678,-0.011625935116760775,0.07892264005086473,82.66888679974568,0.060577389911097075
0.08800000000000006,-0.07340338094702364,-0.011699338486529208,0.07813850152463775,82.67280749237682,0.06050569669240442
0.08900000000000007,-0.07247093532382606,-0.011771809410423774,0.07735958442003228,82.67670207789983,0.060434667266087254
0.09000000000000007,-0.07154568999522082,-0.0118433550887364,0.07658673234174804,82.68056633829126,0.06036429340273257
0.09100000000000007,-0.07062868325852512,-0.011913983760056297,0.07582082053656906,82.68439589731715,0.06029456746157144
0.09200000000000007,-0.06972087666469311,-0.011983704624523639,0.07506266264619872,82.688186686769,0.06022548236349344
0.09300000000000007,-0.06882307897386651,-0.012052527691038721,0.07431294557214972,82.69193527213926,0.060157031512567294
0.09400000000000007,-0.06793590273797481,-0.012120463581053766,0.0735721917267298,82.69563904136635,0.06008920868135329
0.09500000000000007,-0.06705974968391881,-0.012187523317747867,0.0728407456343617,82.69929627182819,0.060022007877767736
0.09600000000000007,-0.06619481905450167,-0.012253718123542931,0.07211878009086926,82.70290609954566,0.059955423209862566
0.09700000000000007,-0.06534113263525797,-0.012319059242646365,0.07140631667587395,82.70646841662064,0.05988944876401612
0.09800000000000007,-0.06449856985658965,-0.012383557798695977,0.07070325507355203,82.70998372463224,0.05982407850700895
0.09900000000000007,-0.0636669070855485,-0.012447224691696594,0.07000940621790239,82.71345296891049,0.05975930621976489
0.10000000000000007,-0.06284585629017457,-0.012510070533621081,0.06932452515328767,82.71687737423356,0.05969512546478164
0.10100000000000008,-0.06203509956047805,-0.01257210561853229,0.06864834057716773,82.72025829711417,0.05963152958619248
0.10200000000000008,-0.061234317027897715,-0.01263333992062449,0.06798057890438858,82.72359710547805,0.059568511737602116
0.10300000000000008,-0.06044320742381974,-0.012693783112823334,0.06732098214826145,82.7268950892587,0.059506064931672466
0.10400000000000008,-0.059661500913878084,-0.012753444598220077,0.06666931923268779,82.73015340383657,0.05944418210227151
0.10500000000000008,-0.058888965383908025,-0.012812333547791793,0.06602539168994821,82.73337304155027,0.05938285617259987
0.10600000000000008,-0.058125407441656375,-0.0128704589391233,0.06538903477653893,82.7365548261173,0.059322080119409704
0.10700000000000008,-0.05737066298557393,-0.012927829585697838,0.06476010952208891,82.73969945238954,0.05926184704349724
0.10800000000000008,-0.05662460941909986,-0.012984454178402074,0.0641385133807527,82.74280743309625,0.05920215018209576
0.10900000000000008,-0.05588713329429525,-0.013040341294674717,0.06352415232138968,82.74587923839306,0.05914298297526692
0.11000000000000008,-0.055158141191668224,-0.013095499418534967,0.06291695010922299,82.74891524945389,0.059084339063118475
0.11100000000000008,-0.054437547535807346,-0.01314993694842661,0.06231683767814344,82.75191581160928,0.05902621228877545
0.11200000000000009,-0.0537252701939014,-0.01320366220066059,0.06172374913443862,82.75488125432781,0.0589685966868533
0.11300000000000009,-0.05302122725779586,-0.013256683409639682,0.06113761876962282,82.75781190615189,0.05891148646273303
0.11400000000000009,-0.05232533504440413,-0.01330900872608356,0.06055837913553478,82.76070810432232,0.05885487596572412
0.11500000000000009,-0.05163750753653029,-0.013360646214694686,0.05998596039093841,82.7635701980453,0.05879875966008434
0.11600000000000009,-0.05095765666738271,-0.013411603852108713,0.05942029042288575,82.76639854788557,0.05874313209657271
0.11700000000000009,-0.05028569318539765,-0.013461889525709708,0.05886129552212162,82.7691935223894,0.05868798788721852
0.11800000000000009,-0.04962152778655629,-0.013511511033577703,0.058308901343957886,82.77195549328022,0.058633321684591684
0.11900000000000009,-0.048965072191060284,-0.013560476085512922,0.057763033872215944,82.77468483063892,0.058579128167291654
0.12000000000000009,-0.04831623997218006,-0.013608792304888836,0.05722362021312032,82.77738189893441,0.05852540203110682
0.1210000000000001,-0.0476749470765399,-0.013656467231025508,0.05669058914866672,82.78004705425667,0.05847213798623693
0.1220000000000001,-0.04704111186810945,-0.013703508321606975,0.056163871298387,82.78268064350806,0.05841933075898308
0.1230000000000001,-0.046414654928150965,-0.013749922954898517,0.055643399070928135,82.78528300464536,0.058366975097635214
0.1240000000000001,-0.04579549847133461,-0.01379571843138004,0.055129106277926304,82.78785446861036,0.05831506578047255
0.12500000000000008,-0.045183565700317944,-0.013840901974734109,0.05462092767420157,82.790395361629,0.058263597624783094
0.12600000000000008,-0.04457878010866465,-0.013885480732136838,0.054118798430148794,82.79290600784925,0.05821256549663432
0.12700000000000009,-0.043981064759156495,-0.013929461773827093,0.05362265355577386,82.79538673222113,0.058161964318964636
0.12800000000000009,-0.04339034185746024,-0.01397285209224939,0.05313242755012637,82.79783786224938,0.058111789078443755
0.1290000000000001,-0.04280653242454233,-0.01401565860086919,0.05264805411306209,82.80025972943469,0.0580620348304534
0.1300000000000001,-0.04222955620291818,-0.01405788813289446,0.05216946603652343,82.80265266981738,0.058012696701692346
0.1310000000000001,-0.04165933187577271,-0.014099547440216326,0.05169659535072077,82.8050170232464,0.05796376989094541
0.1320000000000001,-0.04109577731888401,-0.014140643192601672,0.05122937348973741,82.80735313255133,0.057915249668117126
0.1330000000000001,-0.04053881011200572,-0.01418118197739711,0.05076773167692979,82.80966134161534,0.05786713137161847
0.1340000000000001,-0.039988348048500655,-0.014221170299742606,0.05031160131279176,82.81194199343604,0.05781941040529564
0.1350000000000001,-0.039444309688503223,-0.014260614583338244,0.049860914403656156,82.81419542798173,0.05777208223449811
0.1360000000000001,-0.03890661479407287,-0.014299521171646122,0.04941560390122528,82.81642198049389,0.05772514238212641
0.1370000000000001,-0.03837518483137702,-0.014337896329594523,0.04897560410806995,82.81862197945966,0.05767858642496293
0.1380000000000001,-0.037849943159469455,-0.014375746245470736,0.04854085082596394,82.82079574587017,0.057632409990542685
0.1390000000000001,-0.03733081521904115,-0.014413077033002718,0.04811128151474211,82.82294359242628,0.05758660875446843
0.1400000000000001,-0.03681772859208237,-0.014449894733500421,0.04768683534830759,82.82506582325846,0.057541178438733125
0.1410000000000001,-0.03631061287176568,-0.014486205317866931,0.04726745311514025,82.8271627344243,0.057496114810514545
0.1420000000000001,-0.03580939945507403,-0.014522014688402293,0.046853077057796025,82.82923461471101,0.057451413681371265
0.1430000000000001,-0.03531402135825264,-0.014557328680422789,0.046443650732780783,82.8312817463361,0.057407070907190626
0.1440000000000001,-0.03482441292288174,-0.01459215306358625,0.04603911877790975,82.83330440611046,0.05736308238854214
0.1450000000000001,-0.03434050949363373,-0.014626493542895158,0.04563942665504555,82.83530286672476,0.05731944407091041
0.1460000000000001,-0.03386224720967878,-0.01466035575949116,0.045244520485158035,82.83727739757421,0.05727615194511484
0.1470000000000001,-0.03338956276003478,-0.014693745291204879,0.044854346851451656,82.83922826574275,0.057233202047886275
0.1480000000000001,-0.03292239321889655,-0.014726667652941122,0.04446885266569535,82.84115573667152,0.057190590461904445
0.1490000000000001,-0.03246067595954755,-0.014759128296977956,0.04408798509911756,82.84306007450441,0.057148313316116583
0.1500000000000001,-0.032004348561109834,-0.01479113261317254,0.043711691503327904,82.84494154248335,0.05710636678516657
0.1510000000000001,-0.03155334888645144,-0.014822685929244902,0.043339919474098695,82.8468004026295,0.057064747089684904
0.1520000000000001,-0.031107615053046735,-0.014853793511032496,0.042972616823880316,82.84863691588059,0.05702345049527434
0.1530000000000001,-0.030667085549309064,-0.014884460562861183,0.04260973167437532,82.85045134162813,0.05698247331216602
0.1540000000000001,-0.030231699327476318,-0.014914692228009032,0.042251212530455474,82.85224393734772,0.056941811894345454
0.1550000000000001,-0.02980139586811367,-0.014944493589234659,0.04189700832974995,82.85401495835124,0.05690146263879092
0.1560000000000001,-0.029376115325879578,-0.014973869669451315,0.041547068561463174,82.85576465719268,0.05686142198482233
0.1570000000000001,-0.028955798561389696,-0.015002825432432837,0.04120134328831989,82.8574932835584,0.05682168641310606
0.1580000000000001,-0.028540387237106012,-0.015031365783615509,0.04085978322636653,82.85920108386817,0.05678225244502932
0.1590000000000001,-0.028129823823912915,-0.01505949557090649,0.04052233974801866,82.8608883012599,0.056743116642295206
0.16000000000000011,-0.027724051634762697,-0.015087219585525832,0.040188964909475475,82.86255517545263,0.056704275605903326
0.16100000000000012,-0.027323014824799617,-0.015114542562848736,0.03985961145097186,82.86420194274514,0.05666572597595487
0.16200000000000012,-0.02692665836155941,-0.015141469183217907,0.039534232771960984,82.8658288361402,0.05662746443109165
0.16300000000000012,-0.02653492800174378,-0.015168004072732734,0.039212782914304856,82.86743608542848,0.05658948768808482
0.16400000000000012,-0.026147770226364025,-0.015194151803973578,0.03889521650641012,82.86902391746794,0.05655179250144916
0.16500000000000012,-0.02576513223358004,-0.015219916896718963,0.03858148876098366,82.87059255619509,0.05651437566313985
0.16600000000000012,-0.025386961887055498,-0.01524530381861102,0.03827155543207783,82.87214222283961,0.05647723400212064
0.16700000000000012,-0.02501320762516827,-0.015270316985730253,0.03796537274016118,82.8736731362992,0.05644036438404237
0.16800000000000012,-0.024643818527069476,-0.015294960763236292,0.037662897428753,82.87518551285623,0.05640376371100593
0.16900000000000012,-0.024278744174989215,-0.015319239465870969,0.037364086649581504,82.87667956675209,0.056367428920957086
0.17000000000000012,-0.023917934730785257,-0.015343157358537952,0.03706889802746221,82.87815550986268,0.05633135698737473
0.17100000000000012,-0.023561340863689995,-0.015366718656810113,0.03677728960001945,82.8796135519999,0.0562955449189636
0.17200000000000013,-0.02320891377807403,-0.01538992752746467,0.03648921984073535,82.88105390079633,0.05625998975909671
0.17300000000000013,-0.022860605200956556,-0.01541278808900583,0.0362046476486016,82.88247676175699,0.056224688585539535
0.17400000000000013,-0.022516367366945296,-0.015435304412172404,0.035923532335405815,82.88388233832296,0.05618963850998974
0.17500000000000013,-0.022176153060107465,-0.015457480520487222,0.03564583366060913,82.88527083169696,0.056154836677412875
0.17600000000000013,-0.021839915583470006,-0.01547932039077612,0.035371511804390986,82.88664244097804,0.056120280265997455
0.17700000000000013,-0.021507608792832974,-0.015500827953720705,0.035100527397586005,82.88799736301208,0.05608596648647713
0.17800000000000013,-0.021179187085744944,-0.015522007094400131,0.0348328415110434,82.88933579244478,0.05605189258187351
0.17900000000000013,-0.020854605374798524,-0.015542861652806083,0.03456841563268821,82.89065792183656,0.05601805582705879
0.18000000000000013,-0.020533819145317277,-0.015563395424415568,0.03430721171677951,82.89196394141611,0.05598445352840525
0.18100000000000013,-0.02021678437381601,-0.01558361216068208,0.034049192115457545,82.89325403942271,0.05595108302340765
0.18200000000000013,-0.01990345760577913,-0.015603515569604555,0.0337943196432211,82.8945284017839,0.05591794168025362
0.18300000000000013,-0.019593795882472093,-0.015623109316223183,0.03354255751653801,82.89578721241732,0.055885026897595086
0.18400000000000014,-0.019287756765363463,-0.01564239702313959,0.03329386937419531,82.89703065312904,0.05585233610408272
0.18500000000000014,-0.018985298320515723,-0.015661382271021426,0.03304821926489139,82.89825890367554,0.05581986675826343
0.18600000000000014,-0.018686379090050248,-0.01568006859907847,0.032805571622740566,82.89947214188629,0.05578761634787353
0.18700000000000014,-0.01839095813818097,-0.015698459505584645,0.03256589130691245,82.90067054346544,0.055755582389843975
0.18800000000000014,-0.018098994954187174,-0.01571655844830316,0.03232914352077648,82.90185428239612,0.05572376242970644
0.18900000000000014,-0.01781044954819646,-0.0157343688450073,0.03209529389112642,82.90302353054437,0.05569215404151767
0.19000000000000014,-0.017525282350595663,-0.015751894073900725,0.031864308386266735,82.90417845806866,0.05566075482736292
0.19100000000000014,-0.017243454267329473,-0.015769137474092997,0.03163615336060592,82.90531923319698,0.05562956241702404
0.19200000000000014,-0.016964926651347016,-0.01578610234604661,0.03141079553268697,82.90644602233657,0.05559857446770516
0.19300000000000014,-0.016689661308449788,-0.015802791952029837,0.031188201987975225,82.90755899006012,0.055567788663706694
0.19400000000000014,-0.016417620473021283,-0.015819209516545283,0.030968340161727854,82.90865829919136,0.05553720271606454
0.19500000000000015,-0.0161487668255983,-0.015835358226776095,0.03075117785199802,82.90974411074002,0.055506814362367825
0.19600000000000015,-0.015883063472209025,-0.015851241233011373,0.03053668320236635,82.91081658398817,0.05547662136622556
0.19700000000000015,-0.015620473954472608,-0.01586686164908185,0.03032482471141058,82.91187587644295,0.05544662151723774
0.19800000000000015,-0.015360962223058982,-0.015882222552768884,0.03011557121132807,82.91292214394335,0.05541681263034617
0.19900000000000015,-0.01510449266015442,-0.015897326986235995,0.029908891885087167,82.91395554057458,0.05538719254590488
0.20000000000000015,-0.014851030067968462,-0.01591217795644886,0.029704756258626227,82.91497621870687,0.055357759129175725
0.20100000000000015,-0.01460053964437897,-0.015926778435571037,0.02950313417979686,82.91598432910101,0.055328510269970446
0.20200000000000015,-0.014352987004785643,-0.015941131361381432,0.029303995837846375,82.91698002081077,0.055299443882570416
0.20300000000000015,-0.0141083381432515,-0.01595523963765299,0.02910731173068417,82.91796344134659,0.05527055790542308
0.20400000000000015,-0.013866559484705238,-0.015969106134583553,0.02891305270784163,82.91893473646078,0.055241850300603426
0.20500000000000015,-0.013627617810357406,-0.015982733689152154,0.028721189911036962,82.91989405044482,0.05521331905395222
0.20600000000000016,-0.013391480298271245,-0.015996125105515853,0.02853169480511531,82.92084152597442,0.05518496217436874
0.20700000000000016,-0.013158114515241877,-0.016009283155398447,0.02834453917436356,82.92177730412818,0.05515677769389536
0.20800000000000016,-0.012927488398740725,-0.016022210578461225,0.028159695105698657,82.9227015244715,0.05512876366720023
0.20900000000000016,-0.012699570258402616,-0.016034910082675036,0.02797713499184432,82.92361432504079,0.05510091817151401
0.21000000000000016,-0.01247432876981393,-0.016047384344686305,0.027796831525113704,82.92451584237443,0.05507323930625048
0.21100000000000016,-0.012251732965995188,-0.016059636010174447,0.027618757691783596,82.92540621154109,0.05504572519278407
0.21200000000000016,-0.012031752248691628,-0.016071667694220575,0.027442886780644125,82.92628556609678,0.055018373974161455
0.21300000000000016,-0.011814356364313034,-0.01608348198165219,0.027269192364595796,82.92715403817702,0.05499118381488494
0.21400000000000016,-0.01159951541069781,-0.016095081427394613,0.02709764830598092,82.92801175847009,0.054964152900618166
0.21500000000000016,-0.011387199869363488,-0.016106468556854617,0.026928228781591398,82.92885885609203,0.05493727943811152
0.21600000000000016,-0.011177380491665207,-0.01611764586619033,0.02676090819350464,82.92969545903247,0.05491056165462514
0.21700000000000016,-0.01097002842755348,-0.016128615822709788,0.026595661271172803,82.93052169364414,0.05488399779804842
0.21800000000000017,-0.010765115130698057,-0.016139380865174652,0.02643246299574382,82.93133768502129,0.05485758613645169
0.21900000000000017,-0.010562612414120296,-0.01614994340415958,0.026271288645227726,82.93214355677387,0.05483132495788541
0.22000000000000017,-0.010362492378742445,-0.01616030582234013,0.026112113737381978,82.93293943131309,0.054805212570114434
0.22100000000000017,-0.010164727481353818,-0.0161704704748486,0.025954914084292496,82.93372542957854,0.05477924730057897
0.22200000000000017,-0.00996929047914313,-0.01618043968957444,0.025799665747870536,82.93450167126065,0.05475342749589807
0.22300000000000017,-0.009776154462464097,-0.016190215767497438,0.025646345066876214,82.93526827466563,0.0547277515218224
0.22400000000000017,-0.009585292814532716,-0.016199800982980548,0.025494928624563148,82.93602535687718,0.05470221776303426
0.22500000000000017,-0.009396679237809957,-0.016209197584089167,0.025345393269799094,82.93677303365101,0.05467682462282461
0.22600000000000017,-0.00921028772719155,-0.01621840779288354,0.025197716096616786,82.93751141951691,0.05465157052282728
0.22700000000000017,-0.009026092591430057,-0.016227433805732633,0.02505187446089465,82.93824062769552,0.05462645390298815
0.22800000000000017,-0.008844068455033618,-0.016236277793629884,0.02490784598182118,82.93896077009089,0.05460147322127464
0.22900000000000018,-0.00866419017832975,-0.016244941902429023,0.024765608479396323,82.93967195760303,0.054576626953416925
0.23000000000000018,-0.00848643296234045,-0.01625342825318478,0.02462514005755801,82.9403742997122,0.05455191359268113
0.23100000000000018,-0.008310772298650916,-0.016261738942443406,0.024486419064286048,82.94106790467858,0.05452733164990559
0.23200000000000018,-0.0081371839134219,-0.01626987604247732,0.02434942404795133,82.94175287976024,0.0545028796529171
0.23300000000000018,-0.007965643869206049,-0.016277841601621414,0.024214133837912294,82.94242933081044,0.054478556146703244
0.23400000000000018,-0.007796128463334555,-0.016285637644507904,0.024080527464174214,82.94309736267913,0.05445435969286579
0.23500000000000018,-0.007628614304582739,-0.01629326617237774,0.02394858421880225,82.94375707890597,0.0544302888697837
0.23600000000000018,-0.0074630782366466334,-0.016300729163315514,0.02381828359473463,82.94440858202633,0.054406342272173495
0.23700000000000018,-0.007299497389994834,-0.016308028572536278,0.023689605328078806,82.9450519733596,0.054382518510948746
0.23800000000000018,-0.007137849154367706,-0.016315166332644758,0.02356252937549689,82.94568735312252,0.0543588162130521
0.23900000000000018,-0.006978111188894269,-0.016322144353904798,0.023437035923132895,82.94631482038433,0.054335234021318776
0.24000000000000019,-0.006820261403997738,-0.01632896452449062,0.023313105372189027,82.94693447313905,0.05431177059417502
0.2410000000000002,-0.006664277966714723,-0.016335628710743434,0.023190718343680448,82.9475464082816,0.05428842460563253
0.2420000000000002,-0.006510139305772134,-0.016342138757433143,0.023069855681805883,82.94815072159096,0.05426519474494978
0.2430000000000002,-0.006357824065886157,-0.016348496487974346,0.022950498419556032,82.94874750790223,0.05424207971645074
0.2440000000000002,-0.006207311197441596,-0.01635470370473198,0.022832627847783442,82.94933686076108,0.054219078239535166
0.2450000000000002,-0.006058579827297974,-0.01636076218919778,0.02271622541555614,82.94991887292221,0.05419618904827862
0.2460000000000002,-0.0059116093712992,-0.016366673702279313,0.022601272816874192,82.95049363591562,0.05417341089144925
0.2470000000000002,-0.005766379477147556,-0.016372439984531806,0.02248775194774409,82.95106124026128,0.05415074253215576
0.2480000000000002,-0.0056228700058317425,-0.016378062756371433,0.02237564489075775,82.95162177554622,0.05412818274789121
0.2490000000000002,-0.00548106106109083,-0.01638354371831806,0.022264933938466392,82.95217533030767,0.05410573033017143
0.25000000000000017,-0.005340932993206792,-0.016388884551241805,0.02215560159693026,82.95272199201534,0.05408338408450309
0.25100000000000017,-0.0052024663541786085,-0.01639408691656475,0.022047630550262858,82.9532618472487,0.05406114283014868
0.25200000000000017,-0.005065641938480769,-0.016399152456503394,0.021941003693048494,82.95379498153477,0.05403900540001747
0.25300000000000017,-0.0049304407541583125,-0.01640408279428225,0.0218357041077355,82.95432147946131,0.054016970640440726
0.25400000000000017,-0.004796844035236252,-0.01640887953435984,0.02173171507431364,82.95484142462843,0.053995037411174264
0.25500000000000017,-0.004664833213231634,-0.0164135442626261,0.0216290200492491,82.95535489975376,0.0539732045849916
0.25600000000000017,-0.004534389970000938,-0.01641807854665285,0.02152760270456772,82.95586198647717,0.05395147104777028
0.2570000000000002,-0.004405496162278064,-0.016422483935868572,0.02142744687181591,82.95636276564093,0.05392983569816783
0.2580000000000002,-0.00427813387412722,-0.016426761961785778,0.021328536581424435,82.95685731709287,0.053908297447616056
0.2590000000000002,-0.004152285415725796,-0.016430914138227084,0.021230856061452443,82.95734571969274,0.05388685522009286
0.2600000000000002,-0.00402793325004491,-0.016434941961478097,0.021134389683239507,82.9578280515838,0.05386550795207457
0.2610000000000002,-0.003905060082900982,-0.016438846910530144,0.021039122028120943,82.95830438985939,0.05384425459206483
0.2620000000000002,-0.003783648818559929,-0.016442630447278797,0.02094503785511415,82.95877481072444,0.05382309410090012
0.2630000000000002,-0.0036636825500071845,-0.016446294016712586,0.020852122093224693,82.95923938953388,0.05380202545131967
0.2640000000000002,-0.003545144564676133,-0.01644983904710739,0.020760359845272223,82.95969820077363,0.05378104762806647
0.2650000000000002,-0.003428018336859365,-0.016453266950213388,0.020669736383603535,82.96015131808198,0.05376015962739446
0.2660000000000002,-0.003312287547962437,-0.016456579121462093,0.02058023716313974,82.9605988141843,0.053739360457290185
0.2670000000000002,-0.0031979360477165254,-0.0164597769401347,0.020491847794601004,82.961040761027,0.05371864913708848
0.2680000000000002,-0.003084947892607858,-0.016462861769568873,0.02040455407175458,82.96147722964123,0.053698024697557946
0.2690000000000002,-0.0029733073060329894,-0.0164658349573256,0.020318341942017433,82.9619082902899,0.05367748618048243
0.2700000000000002,-0.002862998707833953,-0.016468697835385678,0.020233197529001865,82.96233401235499,0.05365703263876148
0.2710000000000002,-0.0027540067079720293,-0.016471451720339824,0.020149107126877817,82.96275446436562,0.05363666313638054
0.2720000000000002,-0.0026463160348003446,-0.01647409791350708,0.020066057147692842,82.96316971426153,0.05361637674798096
0.2730000000000002,-0.0025399116737739496,-0.016476637701191853,0.019984034224054512,82.96357982887972,0.053596172558781435
0.2740000000000002,-0.0024347787297975807,-0.016479072354803465,0.019903025106989353,82.96398487446507,0.05357604966474432
0.2750000000000002,-0.002330902499925993,-0.0164814031310482,0.019823016719941095,82.9643849164003,0.053556007172199896
0.2760000000000002,-0.0022282684507204287,-0.016483631272098884,0.019743996141396537,82.96478001929302,0.053536044197806276
0.2770000000000002,-0.0021268621899430662,-0.01648575800573606,0.01966595058498097,82.96517024707511,0.05351615986828285
0.2780000000000002,-0.0020266695510972993,-0.016487784545573717,0.01958886746034196,82.96555566269829,0.053496353320639976
0.2790000000000002,-0.0019276764604973312,-0.016489712091152107,0.019512734276705555,82.96593632861646,0.053476623701718205
0.2800000000000002,-0.0018298690628007134,-0.016491541828156122,0.019437538733379115,82.96631230633311,0.05345697016820676
0.2810000000000002,-0.001733233623843574,-0.016493274928536413,0.019363268649887844,82.96668365675058,0.05343739188649421
0.2820000000000002,-0.0016377565950923337,-0.016494912550695056,0.019289912012356757,82.96705043993822,0.0534178880327336
0.2830000000000002,-0.0015434245620987493,-0.016496455839619648,0.019217456935425543,82.96741271532287,0.05339845779238802
0.2840000000000002,-0.0014502242923153295,-0.016497905927065182,0.019145891697835517,82.96777054151082,0.053379100360497325
0.2850000000000002,-0.0013581426816992616,-0.016499263931682544,0.019075204702667395,82.96812397648667,0.05335981494120169
0.2860000000000002,-0.001267166789759719,-0.01650053095918211,0.01900538450275534,82.96847307748622,0.05334060074805674
0.2870000000000002,-0.0011772838140631317,-0.016501708102471754,0.018936419782774314,82.96881790108613,0.05332145700345011
0.2880000000000002,-0.0010884811116404244,-0.016502796441816327,0.01886829937370092,82.9691585031315,0.05330238293890553
0.2890000000000002,-0.00100074619341949,-0.01650379704499159,0.01880101224891124,82.96949493875545,0.0532833777947812
0.2900000000000002,-0.0009140666841723473,-0.016504710967397994,0.01873454749569406,82.96982726252153,0.05326444082015216
0.2910000000000002,-0.0008284303821249811,-0.016505539252234188,0.01866889435673786,82.97015552821632,0.05324557127282434
0.2920000000000002,-0.0007438252017771327,-0.016506282930613247,0.01860404219025771,82.97047978904871,0.0532267684191199
0.2930000000000002,-0.0006602392157412583,-0.01650694302172084,0.018539980498788074,82.97080009750607,0.05320803153386963
0.2940000000000002,-0.0005776606298310248,-0.016507520532948378,0.018476698911840176,82.9711165054408,0.053189359900158655
0.2950000000000002,-0.000496077781625795,-0.016508016460024803,0.018414187184294866,82.97142906407854,0.05317075280955935
0.2960000000000002,-0.0004154791449642487,-0.016508431787152857,0.018352435199515637,82.97173782400243,0.0531522095615904
0.2970000000000002,-0.00033585333037500784,-0.016508767487145748,0.018291432968940924,82.97204283515529,0.05313372946394094
0.2980000000000002,-0.0002571890813965694,-0.016509024521560164,0.01823117063035142,82.97234414684824,0.05311531183240702
0.2990000000000002,-0.000179475241706293,-0.01650920384079645,0.0181716384232049,82.97264180788397,0.05309695599048397
0.3000000000000002,-0.00010270083961853456,-0.016509306384283173,0.01811282674923324,82.97293586625383,0.053078661269541555
0.3010000000000002,-2.6854987596174877e-05,-0.016509333080561336,0.01805472610017871,82.97322636949912,0.053060427008791045
0.3020000000000002,4.8073068468471546e-05,-0.016509284847417777,0.017997327092993065,82.97351336453504,0.05304225255488873
0.3030000000000002,0.00012209396015375732,-0.016509162592007708,0.017940620461710008,82.97379689769144,0.0530241372621096
0.3040000000000002,0.00019521817713194574,-0.0165089672109966,0.017884597070977937,82.9740770146451,0.05300608049217991
0.3050000000000002,0.0002674561063672398,-0.016508699590662926,0.017829247888224466,82.97435376055888,0.052988081614204256
0.3060000000000002,0.0003388180180258981,-0.01650836060701492,0.017774563992474263,82.97462718003763,0.05297014000453879
0.3070000000000002,0.0004093140414595558,-0.016507951125931432,0.01772053659250699,82.97489731703747,0.052952255046737735
0.3080000000000002,0.0004789542211014292,-0.0165074720032468,0.017667156986186764,82.97516421506907,0.05293442613159031
0.3090000000000002,0.0005477484692326001,-0.016506924084883037,0.017614416593540967,82.97542791703229,0.05291665265666689
0.3100000000000002,0.000615706560337508,-0.016506308206987643,0.01756230696063092,82.97568846519684,0.05289893402670165
0.3110000000000002,0.0006828382075299312,-0.016505625195994904,0.01751081970587601,82.97594590147062,0.05288126965316828
0.3120000000000002,0.0007491529533639523,-0.01650487586879652,0.01745994659565405,82.97620026702174,0.05286365895447722
0.3130000000000002,0.0008146602896149674,-0.016504061032792363,0.017409679460974922,82.97645160269512,0.05284610135561788
0.3140000000000002,0.0008793695506454227,-0.016503181486047874,0.017360010270933358,82.97669994864533,0.05282859628824257
0.3150000000000002,0.0009432899856520313,-0.016502238017379253,0.017310931082606777,82.97694534458697,0.05281114319059522
0.3160000000000002,0.0010064307320022886,-0.01650123140646528,0.017262434058840627,82.9771878297058,0.05279374150739918
0.3170000000000002,0.00106880083271503,-0.01650016242394164,0.017214511456720046,82.97742744271639,0.052776390689756585
0.3180000000000002,0.0011304091984606424,-0.016499031831533294,0.01716715565241338,82.97766422173794,0.05275909019517568
0.31900000000000023,0.0011912646715244012,-0.016497840382122892,0.017120359097384956,82.97789820451308,0.05274183948732032
0.32000000000000023,0.0012513759568627803,-0.01649658881988803,0.01707411436514759,82.97812942817427,0.05272463803612192
0.32100000000000023,0.0013107516971019857,-0.016495277880363635,0.017028414100325844,82.97835792949837,0.052707485317635965
0.32200000000000023,0.0013694004069092261,-0.01649390829056991,0.016983251061991916,82.97858374469004,0.0526903808138999
0.32300000000000023,0.0014273305185997104,-0.016492480769094684,0.016938618093890273,82.97880690953056,0.05267332401292669
0.32400000000000023,0.0014845503398882404,-0.016490996026218004,0.016894508150653992,82.97902745924674,0.05265631440877356
0.32500000000000023,0.0015410681280680323,-0.016489454763962585,0.0168509142490327,82.97924542875484,0.0526393515011797
0.32600000000000023,0.0015968920153941679,-0.0164878576762188,0.016807829517698818,82.9794608524115,0.05262243479568481
0.32700000000000023,0.0016520300264831927,-0.01648620544885237,0.01676524718419677,82.97967376407902,0.05260556380361437
0.32800000000000024,0.0017064901272260103,-0.01648449875976305,0.01672316054296932,82.97988419728514,0.052588738041949856
0.32900000000000024,0.0017602801811638234,-0.016482738278987,0.016681562983354607,82.98009218508324,0.052571957033103474
0.33000000000000024,0.0018134079404329866,-0.016480924668808166,0.016640447995656716,82.98029776002173,0.05255522030512801
0.33100000000000024,0.0018658810959224148,-0.01647905858381958,0.01659980913764648,82.98050095431178,0.052538527391401586
0.33200000000000024,0.0019177072319363504,-0.016477140671029865,0.016559640064044475,82.98070179967978,0.052521877830796135
0.33300000000000024,0.0019688938460315805,-0.01647517156995006,0.016519934512877137,82.9809003274356,0.052505271167570436
0.33400000000000024,0.0020194483636009272,-0.016473151912665726,0.016480686295894924,82.98109656852051,0.05248870695105904
0.33500000000000024,0.0020693781107866136,-0.016471082323936244,0.016441889315708762,82.98129055342146,0.05247218473598239
0.33600000000000024,0.0021186903357110183,-0.016468963421272766,0.016403537551612175,82.98148231224195,0.05245570408200618
0.33700000000000024,0.002167392197328265,-0.01646679581502749,0.016365625067402998,82.98167187466298,0.05243926455400162
0.33800000000000024,0.0022154907755482004,-0.01646458010847258,0.016328146002635466,82.98185926998683,0.05242286572186664
0.33900000000000025,0.00226299306388424,-0.01646231689788667,0.016291094578776068,82.98204452710613,0.0524065071603865
0.34000000000000025,0.0023099059755428896,-0.016460006772635077,0.016254465093757085,82.98222767453123,0.05239018844942661
0.34100000000000025,0.0023562363667133457,-0.016457650315226897,0.016218251906848224,82.98240874046576,0.05237390917341623
0.34200000000000025,0.002401990977450976,-0.016455248101431105,0.016182449477242497,82.9825877526138,0.05235766892186619
0.34300000000000025,0.002447176495135052,-0.01645280070032922,0.016147052322162993,82.98276473838918,0.052341467288877556
0.34400000000000025,0.002491799515423385,-0.016450308674407044,0.016112055041033035,82.98293972479483,0.05232530387329154
0.34500000000000025,0.0025358665807180807,-0.01644777257960791,0.016077452291568525,82.98311273854216,0.05230917827853661
0.34600000000000025,0.0025793841267756777,-0.016445192965439313,0.01604323882324857,82.98328380588376,0.05229309011260775
0.34700000000000025,0.002622358534733096,-0.016442570375027575,0.016009409443591274,82.98345295278205,0.05227703898807937
0.34800000000000025,0.0026647961132002804,-0.016439905345190325,0.01597595902886977,82.98362020485564,0.05226102452200641
0.34900000000000025,0.0027067030893775097,-0.01643719840651791,0.01594288253043684,82.98378558734782,0.05224504633579664
0.35000000000000026,0.0027480856208432747,-0.01643445008344305,0.01591017496587537,82.98394912517062,0.05222910405524862
0.35100000000000026,0.0027889497927503257,-0.01643166089431324,0.015877831421276342,82.98411084289363,0.05221319731053218
0.35200000000000026,0.0028293016293803506,-0.01642883135145163,0.01584584704244918,82.98427076478775,0.05219732573606592
0.35300000000000026,0.0028691470808793157,-0.01642596196123114,0.015814217044104833,82.98442891477947,0.05218148897045704
0.35400000000000026,0.002908492018401039,-0.016423053224153474,0.01578293671272695,82.98458531643635,0.05216568665653064
0.35500000000000026,0.0029473422611524165,-0.016420105634901063,0.015752001387751614,82.98473999306124,0.05214991844108223
0.35600000000000026,0.0029857035338834662,-0.016417119682431522,0.0157214064900889,82.98489296754954,0.05213418397526735
0.35700000000000026,0.0030235815422769937,-0.01641409584999671,0.01569114747147659,82.98504426264262,0.052118482913950555
0.35800000000000026,0.0030609818742900873,-0.01641103461526044,0.015661219879422553,82.9851939006029,0.05210281491629842
0.35900000000000026,0.0030979100919597035,-0.016407936450324456,0.015631619296826056,82.98534190351587,0.052087179645200835
0.36000000000000026,0.003134371685836603,-0.016404801821799837,0.015602341371280314,82.98548829314359,0.05207157676746192
0.36100000000000027,0.003170372058496989,-0.01640163119089505,0.015573381825281675,82.98563309087359,0.05205600595387459
0.36200000000000027,0.003205916585694049,-0.01639842501344271,0.015544736416792116,82.98577631791603,0.05204046687877682
0.36300000000000027,0.0032410105459288246,-0.016395183739996873,0.015516400984139155,82.9859179950793,0.052024959220507774
0.36400000000000027,0.003275659181994816,-0.01639190781586872,0.015488371405726896,82.98605814297136,0.05200948266095421
0.36500000000000027,0.003309867669018513,-0.01638859768119424,0.01546064362112031,82.98619678189439,0.05199403688583874
0.36600000000000027,0.0033436411244042704,-0.016385253770991957,0.015433213623575099,82.98633393188213,0.05197862158432528
0.36700000000000027,0.003376984588352467,-0.01638187651524007,0.015406077472505693,82.98646961263748,0.0519632364493202
0.36800000000000027,0.003409903085882454,-0.01637846633889176,0.015379231254132151,82.98660384372934,0.051947881177167914
0.36900000000000027,0.0034424015274385506,-0.01637502366198961,0.015352671143520746,82.98673664428239,0.051932555467854226
0.3700000000000003,0.00347448481578173,-0.01637154889967343,0.015326393337205611,82.98686803331398,0.05191725902467479
0.3710000000000003,0.003506157766641836,-0.0163680424622672,0.015300394102147934,82.98699802948926,0.05190199155442243
0.3720000000000003,0.003537425151997156,-0.016364504755322824,0.015274669750144498,82.98712665124927,0.051886752767278985
0.3730000000000003,0.0035682916886963976,-0.016360936179675326,0.015249216642187487,82.98725391678907,0.05187154237677561
0.3740000000000003,0.0035987620436715236,-0.01635733713149268,0.01522403118635573,82.98737984406822,0.05185636009975541
0.3750000000000003,0.0036288408084290294,-0.016353708002351308,0.01519910985426824,82.98750445072866,0.05184120565632772
0.3760000000000003,0.003658532562531197,-0.016350049179247966,0.015174449138343244,82.98762775430829,0.051826078769779155
0.3770000000000003,0.003687841782987149,-0.01634636104470234,0.015150045611907113,82.98774977194046,0.051810979166647966
0.3780000000000003,0.0037167729272934544,-0.01634264397677655,0.015125895873829159,82.98787052063085,0.0517959065765853
0.3790000000000003,0.003745330390700785,-0.016338898349137345,0.015101996576556748,82.98799001711721,0.05178086073242644
0.3800000000000003,0.0037735185207404707,-0.01633512453110391,0.015078344416460679,82.98810827791769,0.051765841370022915
0.3810000000000003,0.003801341619886164,-0.016331322887692856,0.015054936131802782,82.98822531934098,0.051750848228399794
0.3820000000000003,0.003828803936893719,-0.016327493779671954,0.01503176850815287,82.98834115745925,0.05173588104944919
0.3830000000000003,0.0038559096612741793,-0.016323637563619407,0.015008838381274077,82.98845580809363,0.05172093957807763
0.3840000000000003,0.003882662945731639,-0.0163197545919606,0.01498614262317851,82.9885692868841,0.0517060235622063
0.3850000000000003,0.0039090678935205896,-0.016315845213017596,0.01496367814952579,82.98868160925237,0.05169113275256029
0.3860000000000003,0.003935128549405422,-0.016311909771067622,0.014941441925187683,82.98879279037406,0.05167626690288999
0.3870000000000003,0.003960848943074828,-0.016307948606358123,0.014919430936645417,82.98890284531677,0.05166142576965253
0.3880000000000003,0.0039862330132949915,-0.016303962055197702,0.014897642239540227,82.9890117888023,0.05164660911215983
0.3890000000000003,0.004011284688834379,-0.016299950449966103,0.014876072907386247,82.98911963546306,0.05163181669255815
0.3900000000000003,0.004036007838635799,-0.01629591411917405,0.014854720063123298,82.98922639968438,0.051617048275637754
0.3910000000000003,0.004060406285140242,-0.016291853387509745,0.01483358087020162,82.98933209564899,0.05160230362900407
0.3920000000000003,0.004084483807523279,-0.016287768575882114,0.014812652530152274,82.98943673734924,0.05158758252283525
0.3930000000000003,0.004108244142882616,-0.016283660001462922,0.01479193228165923,82.9895403385917,0.05157288473012688
0.3940000000000003,0.004131690993725204,-0.016279527977721326,0.014771417395960116,82.9896429130202,0.05155821002631408
0.3950000000000003,0.004154828003767261,-0.0162753728144827,0.01475110519203814,82.98974447403981,0.05154355818952147
0.3960000000000003,0.00417765878215303,-0.01627119481796317,0.014730993020124778,82.98984503489939,0.05152892900048818
0.3970000000000003,0.004200186912139091,-0.016266994290795513,0.014711078257635209,82.98994460871182,0.051514322242353076
0.3980000000000003,0.004222415899213587,-0.016262771532106944,0.01469135833979237,82.99004320830105,0.051499737700814494
0.3990000000000003,0.004244349232500334,-0.016258526837535477,0.014671830722174452,82.99014084638912,0.05148517516409459
0.4000000000000003,0.004265990379534634,-0.016254260499251487,0.014652492883881723,82.99023753558059,0.051470634422818934
0.4010000000000003,0.004287342719318986,-0.016249972806046266,0.0146333423676916,82.99033328816154,0.05145611527004065
0.4020000000000003,0.004308409637215163,-0.016245664043325638,0.014614376722561682,82.99042811638719,0.05144161750113203
0.4030000000000003,0.004329194443989098,-0.016241334493184597,0.014595593552673801,82.99052203223664,0.051427140913917556
0.4040000000000003,0.0043497004389669745,-0.01623698443441871,0.01457699047845498,82.99061504760772,0.05141268530857396
0.4050000000000003,0.004369930875168252,-0.01623261414257043,0.014558565157318867,82.99070717421341,0.05139825048746024
0.4060000000000003,0.0043898889547461005,-0.016228223889979982,0.01454031528745386,82.99079842356272,0.05138383625540731
0.4070000000000003,0.004409577872251147,-0.016223813945792923,0.01452223857983438,82.99088880710084,0.05136944241928452
0.4080000000000003,0.004429000749456049,-0.016219384576032975,0.014504332799681056,82.99097833600159,0.05135506878829177
0.4090000000000003,0.004448160694975689,-0.01621493604361513,0.014486595727582168,82.99106702136208,0.05134071517394925
0.4100000000000003,0.004467060783022108,-0.016210468608380085,0.01446902517356926,82.99115487413216,0.051326381389750715
0.4110000000000003,0.00448570404032901,-0.016205982527141727,0.01445161898558019,82.99124190507212,0.051312067251424204
0.4120000000000003,0.004504093466173703,-0.01620147805371453,0.01443437503546603,82.99132812482267,0.051297772576798545
0.4130000000000003,0.0045222320068650755,-0.016196955438966612,0.014417291235551353,82.99141354382223,0.051283497185935216
0.4140000000000003,0.004540122615251635,-0.016192414930813113,0.014400365501871907,82.99149817249065,0.05126924090086139
0.4150000000000003,0.004557768177423332,-0.01618785677428302,0.014383595798534942,82.99158202100733,0.05125500354560054
0.4160000000000003,0.0045751715500002,-0.016183281211548575,0.014366980115034145,82.99166509942482,0.05124078494632664
0.4170000000000003,0.0045923355576853505,-0.01617868848195725,0.014350516467536661,82.99174741766231,0.051226584931122185
0.4180000000000003,0.00460926300010396,-0.016174078822056754,0.014334202894697534,82.99182898552651,0.051212403330192245
0.4190000000000003,0.004625956636287033,-0.01616945246563571,0.014318037466666433,82.99190981266668,0.05119823997559046
0.4200000000000003,0.00464241920664106,-0.016164809643742225,0.014302018271187242,82.99198990864406,0.05118409470130968
0.4210000000000003,0.0046586533988746855,-0.016160150584736587,0.014286143436004395,82.99206928281998,0.05116996734329547
0.4220000000000003,0.004674661886024838,-0.016155475514305958,0.01427041110311741,82.99214794448443,0.05115585773935949
0.4230000000000003,0.004690447308931946,-0.016150784655496565,0.014254819441048935,82.99222590279476,0.05114176572916103
0.4240000000000003,0.00470601225591863,-0.016146078228766212,0.014239366656229581,82.99230316671884,0.051127691154313065
0.4250000000000003,0.00472135932348652,-0.016141356451976084,0.014224050956516293,82.99237974521742,0.05111363385817901
0.4260000000000003,0.004736491048233191,-0.0161366195404507,0.014208870591791616,82.99245564704106,0.05109959368597584
0.4270000000000003,0.004751409955076339,-0.016131867706989534,0.014193823825307192,82.99253088087347,0.05108557048457297
0.4280000000000003,0.004766118522274784,-0.016127101161913706,0.014178908954080475,82.99260545522961,0.05107156410281813
0.4290000000000003,0.004780619216621483,-0.01612232011307746,0.014164124287992498,82.99267937856003,0.051057574391135785
0.4300000000000003,0.004794914465171993,-0.016117524765907856,0.014149468165894755,82.99275265917053,0.05104360120176181
0.4310000000000003,0.004809006670767031,-0.016112715323429012,0.014134938947734068,82.99282530526133,0.05102964438856309
0.43200000000000033,0.004822898210693063,-0.016107891986287686,0.014120535013455702,82.99289732493273,0.05101570380722781
0.43300000000000033,0.004836591424739412,-0.01610305495279071,0.014106254770907413,82.99296872614546,0.051001779314911434
0.43400000000000033,0.004850088640281629,-0.016098204418917458,0.014092096641325273,82.99303951679337,0.050987870770609976
0.43500000000000033,0.004863392144395104,-0.01609334057836011,0.014078059074073106,82.99310970462963,0.05097397803483657
0.43600000000000033,0.0048765042162868255,-0.016088463622531534,0.014064140529027038,82.99317929735487,0.05096010096970366
0.43700000000000033,0.004889427074086543,-0.016083573740626366,0.014050339507612732,82.99324830246194,0.050946239439061396
0.43800000000000033,0.004902162959718821,-0.01607867111959722,0.014036654501227486,82.99331672749386,0.050932393308130805
0.43900000000000033,0.0049147140377522195,-0.016073755944232018,0.014023084052921847,82.99338457973539,0.05091856244383227
0.44000000000000034,0.004927082491632455,-0.016068828397135134,0.014009626698391097,82.99345186650804,0.050904746714509064
0.44100000000000034,0.004939270454064692,-0.01606388865877815,0.013996281008685734,82.99351859495657,0.05089094599010661
0.44200000000000034,0.00495128002401287,-0.016058936907533534,0.013983045579659507,82.9935847721017,0.05087716014204037
0.44300000000000034,0.00496311330441403,-0.016053973319670744,0.013969919008487472,82.99365040495756,0.050863389043269244
0.44400000000000034,0.004974772362759007,-0.016048998069391626,0.01395689991763399,82.99371550041184,0.05084963256808508
0.44500000000000034,0.004986259232353024,-0.016044011328864592,0.013943986955026959,82.99378006522487,0.05083589059234797
0.44600000000000034,0.004997575933098773,-0.01603901326823808,0.01393117877990527,82.99384410610047,0.0508221629933201
0.44700000000000034,0.005008724466148344,-0.016034004055659225,0.0139184740666191,82.99390762966692,0.050808449649675076
0.44800000000000034,0.005019706787236419,-0.016028983857319344,0.013905871520862187,82.9939706423957,0.050794750441510224
0.44900000000000034,0.00503052486333526,-0.016023952837442648,0.013893369845348853,82.99403315077326,0.050781065250206196
0.45000000000000034,0.005041180612689078,-0.016018911158334998,0.013880967775453359,82.99409516112274,0.05076739395861677
0.45100000000000035,0.0050516759345997685,-0.016013858980402855,0.013868664061403628,82.99415667969299,0.050753736450820014
0.45200000000000035,0.005062012700909421,-0.01600879646218069,0.013856457473540319,82.99421771263229,0.05074009261244909
0.45300000000000035,0.005072192795981625,-0.016003723760318535,0.013844346777816645,82.99427826611092,0.05072646233026385
0.45400000000000035,0.005082218035294482,-0.015998641029650804,0.013832330784974483,82.99433834607512,0.05071284549242852
0.45500000000000035,0.0050920902561619125,-0.01599354842317447,0.013820408295948656,82.99439795852025,0.050699241988365194
0.45600000000000035,0.00510181123243235,-0.015988446092112578,0.013808578152475735,82.99445710923763,0.050685651708745144
0.45700000000000035,0.005111382755494238,-0.015983334185896644,0.01379683918987154,82.99451580405064,0.05067207454553069
0.45800000000000035,0.005120806570843336,-0.015978212852212566,0.013785190272619288,82.9945740486369,0.05065851039191213
0.45900000000000035,0.005130084413688722,-0.015973082237010928,0.013773630274989658,82.99463184862505,0.05064495914242072
0.46000000000000035,0.005139218013110344,-0.015967942484513102,0.013762158077818616,82.99468920961091,0.05063142069254411
0.46100000000000035,0.005148209039464875,-0.01596279373727,0.013750772599852612,82.99474613700073,0.05061789493919773
0.46200000000000035,0.0051570591752989605,-0.015957636136149856,0.01373947275527571,82.99480263622362,0.050604381780495325
0.46300000000000036,0.00516577008035378,-0.01595246982036104,0.013728257474348483,82.99485871262826,0.05059088111560138
0.46400000000000036,0.005174343398379555,-0.015947294927468054,0.013717125699897638,82.99491437150051,0.050577392844805696
0.46500000000000036,0.005182780721488925,-0.01594211159344318,0.01370607640787828,82.9949696179606,0.050563916869747476
0.46600000000000036,0.005191083665977771,-0.015936919952642247,0.013695108562678943,82.9950244571866,0.0505504530930346
0.46700000000000036,0.0051992538070982,-0.01593172013784574,0.013684221155035712,82.99507889422483,0.05053700141846817
0.46800000000000036,0.005207292706058192,-0.01592651228027281,0.013673413186986123,82.99513293406507,0.05052356175095242
0.46900000000000036,0.005215201911811911,-0.015921296509593515,0.013662683669963843,82.99518658165019,0.05051013399649582
0.47000000000000036,0.005222982941551423,-0.01591607295396059,0.013652031637034127,82.99523984181484,0.05049671806211959
0.47100000000000036,0.0052306373085473055,-0.015910841740013414,0.013641456124815021,82.99529271937593,0.05048331385594154
0.47200000000000036,0.005238166492835391,-0.015905602992911154,0.013630956193190148,82.99534521903405,0.050469921287214996
0.47300000000000036,0.005245571980714465,-0.015900356836326585,0.013620530899510265,82.99539734550245,0.05045654026618164
0.47400000000000037,0.005252855224247902,-0.015895103392480268,0.013610179324104906,82.99544910337949,0.0504431707040882
0.47500000000000037,0.00526001765844442,-0.01588984278215765,0.013599900559252222,82.99550049720374,0.05042981251321423
0.47600000000000037,0.005267060698194255,-0.01588457512472914,0.01358969371127247,82.99555153144365,0.050416465606929355
0.47700000000000037,0.005273985766605739,-0.015879300538141936,0.013579557883260318,82.9956022105837,0.05040312989956455
0.47800000000000037,0.005280794252535944,-0.015874019138954202,0.013569492201132023,82.99565253899434,0.05038980530634257
0.47900000000000037,0.005287487520065026,-0.015868731042359925,0.013559495806691255,82.99570252096655,0.05037649174352042
0.48000000000000037,0.005294066916792888,-0.015863436362205382,0.01354956785403149,82.99575216072984,0.05036318912838206
0.48100000000000037,0.005300533796163029,-0.015858135210983223,0.01353970749522821,82.99580146252387,0.05034989737909713
0.4820000000000004,0.005306889490433704,-0.01585282769985373,0.013529913896108834,82.99585043051947,0.05033661641480829
0.4830000000000004,0.00531313530295437,-0.015847513938673723,0.013520186242299085,82.9958990687885,0.05032334615554084
0.4840000000000004,0.005319272528034946,-0.01584219403600555,0.013510523725839132,82.99594738137081,0.05031008652231354
0.4850000000000004,0.005325302444767238,-0.015836868099132328,0.01350092554946861,82.99599537225265,0.050296837437012513
0.4860000000000004,0.005331226327841787,-0.015831536234062377,0.013491390920440712,82.99604304539781,0.0502835988223734
0.4870000000000004,0.0053370454215188965,-0.015826198545559604,0.013481919064867036,82.99609040467567,0.050270370602124144
0.4880000000000004,0.005342760959317888,-0.01582085513715426,0.013472509217227896,82.99613745391386,0.05025715270078541
0.4890000000000004,0.005348374169176557,-0.015815506111148514,0.01346316061714712,82.99618419691427,0.0502439450438332
0.4900000000000004,0.005353886255332682,-0.015810151568640178,0.013453872518501225,82.9962306374075,0.05023074755743948
0.4910000000000004,0.0053592984133123325,-0.015804791609531382,0.013444644182750761,82.99627677908624,0.05021756016884507
0.4920000000000004,0.005364611820175954,-0.01579942633254708,0.01343547488307824,82.99632262558461,0.05020438280594778
0.4930000000000004,0.005369827646054226,-0.015794055835241915,0.013426363898837976,82.99636818050581,0.050191215397575234
0.4940000000000004,0.005374947045165439,-0.015788680214016207,0.013417310518844996,82.99641344740577,0.05017805787329052
0.4950000000000004,0.00537997114671318,-0.01578329956414092,0.013408314048931103,82.99645842975535,0.050164910163618626
0.4960000000000004,0.005384901098959262,-0.0157779139797386,0.013399373784550955,82.99650313107725,0.05015177219969223
0.4970000000000004,0.005389737988063881,-0.015772523553845515,0.01339048905890353,82.99654755470549,0.050138643913535376
0.4980000000000004,0.005394482930851291,-0.01576712837838095,0.013381659188860289,82.9965917040557,0.050125525237957984
0.4990000000000004,0.005399137009583443,-0.01576172854418178,0.013372883511593072,82.99663558244204,0.05011241610647714
0.5000000000000003,0.005403701299163813,-0.015756324141009845,0.013364161371268609,82.99667919314366,0.050099316453498584
0.5010000000000003,0.0054081768582720695,-0.01575091525756814,0.013355492121440379,82.99672253939279,0.05008622621405424
0.5020000000000003,0.005412564741234788,-0.015745501981505216,0.013346875119741418,82.99676562440129,0.050073145324042445
0.5030000000000003,0.005416866000327642,-0.015740084399417178,0.013338309726306372,82.99680845136847,0.050060073719958846
0.5040000000000003,0.00542108163345381,-0.015734662596902076,0.013329795333844659,82.99685102333078,0.05004701133907984
0.5050000000000003,0.005425212674107162,-0.015729236658524343,0.013321331315302146,82.99689334342348,0.0500339581194914
0.5060000000000003,0.005429260105055835,-0.015723806667865478,0.013312917074355852,82.99693541462823,0.0500209139998795
0.5070000000000003,0.005433224941618371,-0.015718372707491504,0.013304551996735386,82.99697724001632,0.050007878919664905
0.5080000000000003,0.005437108145166581,-0.015712934859006933,0.01329623550029763,82.9970188224985,0.0499948528189335
0.5090000000000003,0.005440910680181601,-0.015707493203051648,0.013287967002268376,82.99706016498867,0.04998183563860821
0.5100000000000003,0.005444633517449885,-0.01570204781929458,0.01327974591722831,82.99710127041386,0.04996882732008955
0.5110000000000003,0.005448277594788813,-0.0156965987864667,0.013271571679265634,82.99714214160367,0.04995582780563255
0.5120000000000003,0.005451843850247744,-0.015691146182360772,0.013263443724081173,82.99718278137959,0.049942837037975064
0.5130000000000003,0.005455333200322701,-0.01568569008385291,0.013255361499965982,82.99722319250017,0.049929854960627365
0.5140000000000003,0.0054587465613326796,-0.015680230566902754,0.013247324456661212,82.9972633777167,0.04991688151771681
0.5150000000000003,0.005462084830393982,-0.015674767706572675,0.013239332055769638,82.99730333972116,0.04990391665405125
0.5160000000000003,0.005465348907237756,-0.01566930157702514,0.013231383757797139,82.99734308121101,0.049890960315002904
0.5170000000000003,0.0054685396712275975,-0.015663832251543112,0.013223479036328348,82.99738260481837,0.04987801244660091
0.5180000000000003,0.005471657989346337,-0.015658359802542415,0.013215617372792842,82.99742191313604,0.04986507299542044
0.5190000000000003,0.00547470471234859,-0.015652884301587955,0.013207798258593905,82.99746100870703,0.04985214190892894
0.5200000000000004,0.0054776807244929625,-0.015647405819360194,0.013200021166736521,82.99749989416632,0.04983921913480412
0.5210000000000004,0.005480586834279985,-0.015641924425730976,0.013192285614176968,82.99753857192911,0.049826304621572295
0.5220000000000004,0.005483423878371624,-0.01563644018973528,0.013184591103101854,82.9975770444845,0.04981339831830338
0.5230000000000004,0.005486192688911903,-0.01563095317957583,0.013176937138631353,82.99761531430684,0.04980050017459104
0.5240000000000004,0.005488894068432664,-0.015625463462652596,0.013169323243091861,82.99765338378455,0.0497876101406625
0.5250000000000004,0.005491528817636863,-0.01561997110556473,0.013161748941735373,82.99769125529133,0.04977472816738368
0.5260000000000004,0.0054940977492351235,-0.015614476174098479,0.013154213751949822,82.99772893124026,0.04976185420600603
0.5270000000000004,0.0054966016231684164,-0.015608978733279997,0.01314671722368726,82.99776641388156,0.04974898820841414
0.5280000000000004,0.005499041222091374,-0.015603478847352604,0.013139258893840166,82.9978037055308,0.049736130127135826
0.5290000000000004,0.005501417311122784,-0.015597976579794354,0.013131838309581575,82.99784080845208,0.049723279915128545
0.5300000000000004,0.0055037306556108105,-0.015592471993317774,0.01312445501898258,82.9978777249051,0.0497104375258772
0.5310000000000004,0.005505981983465036,-0.0155869651499073,0.013117108592040908,82.9979144570398,0.04969760291352995
0.5320000000000004,0.005508172046798562,-0.015581456110795106,0.013109798585699271,82.9979510070715,0.049684776032717586
0.5330000000000004,0.005510301594519838,-0.015575944936464288,0.013102524558531552,82.99798737720735,0.04967195683848486
0.5340000000000004,0.0055123713245318,-0.015570431686699833,0.013095286099813051,82.99802356950094,0.049659145286468635
0.5350000000000004,0.0055143819444502815,-0.015564916420578999,0.013088082793475115,82.99805958603261,0.049646341332800145
0.5360000000000004,0.005516334190291976,-0.0155593991964428,0.0130809142071921,82.99809542896405,0.04963354493407673
0.5370000000000004,0.005518228721696422,-0.015553880071972465,0.01307377995359741,82.99813110023202,0.049620756047511844
0.5380000000000004,0.0055200662635058765,-0.015548359104124197,0.013066679607921215,82.9981666019604,0.049607974630636584
0.5390000000000004,0.005521847469628211,-0.015542836349200118,0.013059612786899611,82.9982019360655,0.049595200641608814
0.5400000000000004,0.0055235730296489425,-0.015537311862812594,0.013052579087008584,82.99823710456495,0.04958243403896081
0.5410000000000004,0.005525243601165245,-0.015531785699916206,0.013045578123494758,82.99827210938253,0.049569674781789384
0.5420000000000004,0.005526859836659888,-0.015526257914812871,0.013038609515334455,82.99830695242333,0.04955692282960551
0.5430000000000004,0.005528422400706491,-0.01552072856113978,0.013031672874286337,82.99834163562856,0.049544178142406324
0.5440000000000004,0.005529931923260157,-0.015515197691903961,0.01302476783281325,82.99837616083593,0.04953144068058215
0.5450000000000004,0.0055313890451075265,-0.015509665359471484,0.013017894018265622,82.99841052990868,0.04951871040506764
0.5460000000000004,0.005532794391364356,-0.015504131615583122,0.013011051065672437,82.99844474467164,0.04950598727719939
0.5470000000000004,0.0055341485909629765,-0.015498596511350536,0.013004238609458374,82.9984788069527,0.0494932712587647
0.5480000000000004,0.005535452239101747,-0.015493060097290002,0.012997456303919465,82.9985127184804,0.049480562311930834
0.5490000000000004,0.00553670595323689,-0.015487522423300159,0.01299070378988763,82.99854648105055,0.04946786039934029
0.5500000000000004,0.005537910332042065,-0.015481983538680778,0.012983980720165985,82.99858009639918,0.04945516548408722
0.5510000000000004,0.0055390659580273885,-0.015476443492148944,0.01297728675695665,82.99861356621521,0.04944247752971918
0.5520000000000004,0.0055401734317264304,-0.015470902331821029,0.012970621551982062,82.99864689224009,0.04942979650004095
0.5530000000000004,0.005541233320490348,-0.015465360105245842,0.012963984777041086,82.9986800761148,0.04941712235941218
0.5540000000000004,0.005542246200717266,-0.015459816859395624,0.012957376098521926,82.99871311950739,0.04940445507254687
0.5550000000000004,0.005543212626278574,-0.015454272640688552,0.012950795196674471,82.99874602401664,0.04939179460462176
0.5560000000000004,0.005544133174479078,-0.0154487274949653,0.01294424173721223,82.99877879131394,0.04937914092109623
0.5570000000000004,0.005545008381118268,-0.015443181467530563,0.012937715411308615,82.99881142294346,0.04936649398787716
0.5580000000000004,0.005545838788476448,-0.015437634603146549,0.01293121590625738,82.99884392046872,0.04935385377128455
0.5590000000000004,0.00554662495148465,-0.015432086946020359,0.012924742901881133,82.9988762854906,0.049341220237991805
0.5600000000000004,0.005547367386096116,-0.01542653853984293,0.012918296101301383,82.9989085194935,0.049328593355132795
0.5610000000000004,0.0055480666347826595,-0.015420989427762542,0.012911875192508429,82.99894062403746,0.049315973090049404
0.5620000000000004,0.00554872320374788,-0.015415439652421075,0.012905479883658014,82.99897260058172,0.04930335941057142
0.5630000000000004,0.005549337610636316,-0.015409889255942564,0.012899109877894123,82.99900445061054,0.0492907522848919
0.5640000000000004,0.005549910363910917,-0.015404338279942385,0.012892764883109463,82.99903617558445,0.04927815168146649
0.5650000000000004,0.005550441966249358,-0.015398786765533032,0.012886444610649124,82.99906777694675,0.049265557569297715
0.5660000000000004,0.005550932918210644,-0.015393234753326253,0.012880148773522563,82.99909925613238,0.049252969917571505
0.5670000000000004,0.0055513836988048074,-0.015387682283454577,0.012873877097052256,82.99913061451474,0.049240388695825
0.5680000000000004,0.005551794806736877,-0.01538212939555161,0.01286762929609708,82.99916185351952,0.049227813874067924
0.5690000000000004,0.005552166715133604,-0.015376576128777662,0.012861405099443519,82.99919297450279,0.04921524542256423
0.5700000000000004,0.005552499885681229,-0.015371022521831132,0.012855204243220363,82.9992239787839,0.04920268331193356
0.5710000000000004,0.005552794810839459,-0.015365468612917751,0.01284902644577064,82.99925486777114,0.04919012751308929
0.5720000000000004,0.005553051934133571,-0.015359914439799534,0.01284287145397326,82.99928564273014,0.04917757799727294
0.5730000000000004,0.005553271713738485,-0.015354360039780102,0.012836739006178084,82.99931630496911,0.04916503473620067
0.5740000000000004,0.005553454614061894,-0.015348805449698468,0.012830628837587503,82.99934685581206,0.049152497701743854
0.5750000000000004,0.0055536010725978505,-0.015343250705955939,0.012824540698602683,82.99937729650699,0.049139966866065254
0.5760000000000004,0.0055537115300318945,-0.015337695844512922,0.012818474338284229,82.99940762830857,0.04912744220178264
0.5770000000000004,0.0055537864140630736,-0.015332140900901924,0.012812429512950226,82.99943785243525,0.04911492368166078
0.5780000000000004,0.0055538261662961665,-0.015326585910213637,0.012806405971589153,82.99946797014206,0.049102411279040734
0.5790000000000004,0.005553831220263125,-0.015321030907104991,0.01280040346734484,82.99949798266327,0.0490899049672598
0.5800000000000004,0.0055538019833657505,-0.015315475925825316,0.012794421768718768,82.99952789115642,0.04907740472019264
0.5810000000000004,0.005553738883735371,-0.015309921000195594,0.012788460632777839,82.99955769683612,0.0490649105118017
0.5820000000000004,0.0055536423100330775,-0.015304366163647927,0.012782519838734203,82.99958740080633,0.04905242231646496
0.5830000000000004,0.005553512691784847,-0.015298811449184673,0.012776599142940336,82.99961700428528,0.04903994010889997
0.5840000000000004,0.005553350427842824,-0.015293256889409121,0.01277069831911003,82.99964650840445,0.04902746386396305
0.5850000000000004,0.005553155907216314,-0.01528770251653533,0.012764817146830766,82.99967591426585,0.04901499355688046
0.5860000000000004,0.0055527707513982555,-0.015282148521161148,0.012758974205242633,82.99970512897377,0.049002530532391335
0.5870000000000004,0.00555219046300689,-0.015276595098385264,0.012753099844587092,82.99973450077707,0.048990077023446994
0.5880000000000004,0.005551840800133919,-0.015271042017540103,0.01274703446556858,82.99976482767215,0.048977632907732195
0.5890000000000004,0.005551778868607708,-0.015265488990852113,0.012740786883512482,82.99979606558244,0.048965197393708026
0.5900000000000004,0.005551991699347596,-0.015259935743516171,0.012734396970331574,82.99982801514835,0.04895276939086094
0.5910000000000004,0.005552426930126838,-0.015254382053088617,0.012727919320084564,82.99986040339958,0.04894034771927109
0.5920000000000004,0.005553004574400703,-0.015248827777111855,0.012721415492854368,82.99989292253572,0.04892793126315717
0.5930000000000004,0.005553630823198128,-0.015243272866937043,0.012714946111538271,82.99992526944231,0.04891551907936628
0.5940000000000004,0.005554212611161199,-0.015237717366980553,0.012708563562848853,82.99995718218575,0.04890311046327187
0.5950000000000004,0.005554857348931532,-0.015232161207502258,0.012702465796428043,82.99998767101786,0.048890703295531385
0.5960000000000004,0.005555473627108324,-0.015226604421015914,0.012696432644652051,83.00001783677673,0.04887829516881528
0.5970000000000004,0.00555558264658897,-0.015221047516104477,0.012690765137387722,83.00004617431306,0.04886588634990118
0.5980000000000004,0.00555513336499758,-0.015215491051828307,0.012685446223958292,83.00007276888022,0.04885347794989357
0.5990000000000004,0.005554165775498319,-0.015209935546918687,0.01268040743473574,83.00009796282632,0.048841071499398314
0.6000000000000004,0.00555277711612257,-0.015204381422572723,0.012675558504944204,83.00012220747527,0.048828668671266215
0.6010000000000004,0.005551102658853522,-0.015198828964506035,0.012670800274991718,83.00014599862504,0.048816271064881143
0.6020000000000004,0.005549293690167298,-0.015193278307046924,0.012666036626431157,83.00016981686784,0.0488038800485348
0.6030000000000004,0.005547495558137325,-0.015187729439160143,0.012661185328230821,83.00019407335884,0.048791496659307765
0.6040000000000004,0.005545829618296245,-0.015182182228485865,0.012656186051966658,83.00021906974017,0.04877912155691442
0.6050000000000004,0.0055443810163916946,-0.015176636457563258,0.012651004730108984,83.00024497634945,0.04876675502483878
0.6060000000000004,0.005543193428731245,-0.015171091865294587,0.01264563390115947,83.00027183049421,0.04875439700859387
0.6070000000000004,0.005542270070589575,-0.015165548187393766,0.012640089711557615,83.00029955144223,0.04874204717988641
0.6080000000000004,0.005541579673326045,-0.015160005190857967,0.012634406529324682,83.00032796735337,0.04872970501582019
0.6090000000000004,0.005541065768913047,-0.015154462699158058,0.012628630235690769,83.00035684882154,0.04871736988260037
0.6100000000000004,0.0055390467315012725,-0.015148922217394289,0.012623763224448145,83.00038118387776,0.04870504617181711
0.6110000000000004,0.005535257757823771,-0.015143385515469393,0.012619978167076438,83.00040010916462,0.04869273857643043
0.6120000000000004,0.0055306664910427334,-0.015137853395639358,0.012616707783191655,83.00041646108404,0.04868044800748238
0.6130000000000004,0.005525728835145765,-0.015132326204253786,0.012613671741797288,83.00043164129102,0.048668173471577966
0.6140000000000004,0.005520680985802683,-0.015126804051465149,0.012610718279876244,83.00044640860062,0.04865591323431869
0.6150000000000004,0.0055156652648418085,-0.015121286905103363,0.012607753465388068,83.00046123267306,0.048643665470097866
0.6160000000000004,0.005510775579243554,-0.015115774639090885,0.012604714458015573,83.00047642770993,0.048631428567838475
0.6170000000000004,0.005506072225102033,-0.015110267067053729,0.0126015601822343,83.00049219908884,0.048619201230046816
0.6180000000000004,0.005501588654263018,-0.015104763969165675,0.012598266982694143,83.00050866508654,0.04860698246272327
0.6190000000000004,0.005497337689226933,-0.015099265112777495,0.012594824919473332,83.00052587540263,0.04859477151724828
0.6200000000000004,0.0054933180944332855,-0.015093770266474958,0.012591233976020917,83.0005438301199,0.04858256782116931
0.6210000000000004,0.005489520551215421,-0.015088279208161815,0.012587500544901892,83.00056249727548,0.048570370916528806
0.6220000000000004,0.005485932063324946,-0.01508279172873737,0.012583634663042425,83.0005818266848,0.048558180413722986
0.6230000000000004,0.005482538564118471,-0.015077307633166856,0.01257964812521447,83.00060175937392,0.04854599596152416
0.6240000000000004,0.005479325934327201,-0.01507182674053408,0.012575553411129137,83.00062223294435,0.0485338172317144
0.6250000000000004,0.005476280049784825,-0.015066348884046364,0.012571363139868215,83.00064318430066,0.048521643914723196
0.6260000000000004,0.005473386415295168,-0.015060873911405606,0.012567089813055347,83.00066455093473,0.04850947572212577
0.6270000000000004,0.005470629769299201,-0.015055401685574678,0.01256274567264795,83.00068627163677,0.04849731239256017
0.6280000000000004,0.005467993996149677,-0.015049932085631563,0.01255834251413056,83.00070828742935,0.04848515369874063
0.6290000000000004,0.005465462341325262,-0.01504446500740825,0.012553891464229071,83.00073054267885,0.048472999453145635
0.6300000000000004,0.005463017924421556,-0.015039000363616665,0.012549402711258392,83.00075298644371,0.04846084951121692
0.6310000000000004,0.005460644367983261,-0.015033538083345703,0.012544885266772558,83.00077557366613,0.048448703772005705
0.6320000000000005,0.005458326484744831,-0.015028078110871082,0.01254034676265835,83.0007982661867,0.048436562175410175
0.6330000000000005,0.005456050766839863,-0.015022620403975942,0.012535793392172872,83.00082103303914,0.04842442469753585
0.6340000000000005,0.005453805770969026,-0.0150171649318863,0.01253122991484956,83.00084385042575,0.048412291343782166
0.6350000000000005,0.005451582228972557,-0.015011711673095878,0.01252665979804779,83.00086670100976,0.04840016214105581
0.6360000000000005,0.005449372949568122,-0.015006260613289264,0.012522085440582791,83.00088957279709,0.04838803712995547
0.6370000000000005,0.005447172577964863,-0.015000811743505408,0.01251750843297279,83.00091245783514,0.04837591635709689
0.6380000000000005,0.0054449772685335835,-0.014995365058628442,0.012512929816654333,83.00093535091673,0.04836379986852539
0.6390000000000005,0.005453948801122719,-0.014989909424289951,0.012502438264503158,83.0009878086775,0.04835169306020386
0.6400000000000005,0.005458937717807679,-0.014984448801795154,0.012494195284288238,83.00102902357857,0.04833959473186199
0.6410000000000005,0.005460918386004759,-0.014978986199871553,0.012487499705827187,83.00106250147087,0.04832750359354268
0.6420000000000005,0.005459979918470051,-0.0149735245379905,0.012482267556762808,83.00108866221619,0.048315418155714
0.6430000000000005,0.005456357227731075,-0.014968066499533248,0.012478381672345032,83.00110809163827,0.04830333691102578
0.6440000000000005,0.00545045691917428,-0.014962614360776264,0.012475647209787898,83.00112176395106,0.04829125848086044
0.6450000000000005,0.00544279735702265,-0.014957169879714195,0.01247381155671746,83.00113094221642,0.04827918171449481
0.6460000000000005,0.005433937896478769,-0.01495173425531137,0.012472596942179365,83.00113701528912,0.04826710574214448
0.6470000000000005,0.005424417795011018,-0.014946308147603601,0.012471731123041507,83.00114134438479,0.04825502998854144
0.6480000000000005,0.005414712107464588,-0.014940891741803727,0.012470970969554207,83.00114514515222,0.048242954155980046
0.6490000000000005,0.005405205429406124,-0.014935484838651704,0.012470117548809851,83.00114941225596,0.04823087818638915
0.6500000000000005,0.005396181195802716,-0.014930086955493343,0.012469023126404518,83.00115488436799,0.048218802211781465
0.6510000000000005,0.005387822985341239,-0.014924697426090103,0.01246759149285879,83.00116204253571,0.04820672650113305
0.6520000000000005,0.005380224003001849,-0.014919315490975193,0.012465773520142685,83.00117113239929,0.048194651409042104
0.6530000000000005,0.005373401383391865,-0.014913940373524549,0.012463559822639775,83.0011822008868,0.048182577330336276
0.6540000000000005,0.005367312799590514,-0.014908571339427548,0.012460972010888725,83.00119513994557,0.0481705046627749
0.6550000000000005,0.005361873298867198,-0.01490320773932381,0.012458053791477894,83.00120973104262,0.04815843377833585
0.6560000000000005,0.00535697124364819,-0.014897849035497084,0.012454862574102573,83.00122568712949,0.04814636500367566
0.6570000000000005,0.0053524823307856155,-0.014892494814546664,0.012451462161567069,83.00124268919217,0.048134298608366786
0.6580000000000005,0.005348281410858283,-0.014887144788236342,0.012447916641407885,83.00126041679297,0.048122234799730566
0.6590000000000005,0.005344251593277787,-0.014881798785235854,0.012444285734267466,83.00127857132865,0.04811017372389671
0.6600000000000005,0.00534029085247678,-0.014876456736254842,0.012440621446642184,83.00129689276679,0.04809811547018546
0.6610000000000005,0.005336316120236045,-0.014871118655083846,0.012436966022181653,83.0013151698891,0.048086060079255304
0.6620000000000005,0.0053322651383823725,-0.014865784617782533,0.012433351035240575,83.0013332448238,0.04807400755225484
0.6630000000000005,0.005328096454540967,-0.014860454741872472,0.012429797427434575,83.00135101286284,0.04806195786068687
0.6640000000000005,0.005323787891023917,-0.014855129167061337,0.012426316315257329,83.00136841842372,0.04804991095620191
0.6650000000000005,0.005319333944611346,-0.01484980803856759,0.012422910337920551,83.0013854483104,0.048037866779530154
0.6660000000000005,0.005314742632785536,-0.014844491493599215,0.012419575273613601,83.00140212363192,0.048025825268012905
0.6670000000000005,0.005310031905511396,-0.014839179651420805,0.01241630188031783,83.00141849059841,0.048013786361823026
0.6680000000000005,0.005305226227498856,-0.014833872606838473,0.012413077637768452,83.00143461181116,0.04800175000833648
0.6690000000000005,0.0053003533485632475,-0.01482857042691442,0.012409888393144466,83.00145055803428,0.047989716165224405
0.6700000000000005,0.005295441557361444,-0.014823273150427814,0.012406719756745111,83.00146640121628,0.04797768480215031
0.6710000000000005,0.005290517530089483,-0.014817980789486929,0.012403558187326235,83.00148220906337,0.04796565590115246
0.6720000000000005,0.005285604717374492,-0.014812693332754453,0.012400391806952215,83.00149804096523,0.04795362945602064
0.6730000000000005,0.0052807222818558475,-0.014807410749735125,0.01239721093588049,83.0015139453206,0.047941605471248545
0.6740000000000005,0.0052758846969780315,-0.014802132995464703,0.012394008283714071,83.00152995858143,0.04792958396048241
0.6750000000000005,0.005271101674569752,-0.01479686001527125,0.012390778979276217,83.00154610510361,0.04791756494443985
0.6760000000000005,0.00526637848914915,-0.014791591749212192,0.012387520401395607,83.00156239799301,0.047905548448817066
0.6770000000000005,0.00526171654396317,-0.014786328135945347,0.012384231885659985,83.0015788405717,0.04789353450281384
0.6780000000000005,0.005257114113630005,-0.01478106911585728,0.012380914344004724,83.00159542827998,0.04788152313705272
0.6790000000000005,0.005252567146002827,-0.014775814633389861,0.012377569855916136,83.0016121507204,0.04786951438222998
0.6800000000000005,0.005248070035358918,-0.014770564638593605,0.012374201278500153,83.0016289936075,0.04785750826803022
0.6810000000000005,0.005243616366466476,-0.014765319087936978,0.01237081186746645,83.00164594066267,0.04784550482217765
0.6820000000000005,0.005239199542139681,-0.014760077944488133,0.012367404963458034,83.00166297518271,0.047833504069858514
0.6830000000000005,0.005234813256429247,-0.01475484117762353,0.012363983755201945,83.001680081224,0.0478215060335092
0.6840000000000005,0.005230451930946014,-0.014749608762300156,0.012360551057209625,83.00169724471395,0.04780951073265113
0.6850000000000005,0.005226110860488539,-0.014744380678182208,0.012357109244504977,83.00171445377748,0.047797518184106894
0.6860000000000005,0.005221786404227882,-0.014739156908576554,0.01235366015301488,83.00173169923494,0.047785528402383655
0.6870000000000005,0.005217475994758946,-0.014733937439359161,0.012350205076329885,83.00174897461835,0.0477735413995752
0.6880000000000005,0.0052131780024274954,-0.014728722258037239,0.012346744841441602,83.00176627579279,0.047761557186284886
0.6890000000000005,0.005208891696140724,-0.014723511352850537,0.01234327982200642,83.00178360088998,0.04774957577196664
0.6900000000000005,0.005204617097522765,-0.014718304712018532,0.012339810011633376,83.00180094994184,0.047737597165119605
0.6910000000000005,0.005200354698495255,-0.014713102323270002,0.0123363351736891,83.00181832413156,0.04772562137385981
0.6920000000000005,0.005196105418187875,-0.014707904173415758,0.012332854853789587,83.00183572573106,0.04771364840616462
0.6930000000000005,0.005191870354730364,-0.014702710248169553,0.012329368509525485,83.00185315745237,0.04770167827022312
0.6940000000000005,0.005187650689594177,-0.01469752053206461,0.012325875555069265,83.00187062222464,0.04768971097445488
0.6950000000000005,0.005183447548558887,-0.014692335008509307,0.01232237543396831,83.00188812283017,0.04767774652796783
0.6960000000000005,0.005179261958176131,-0.01468715365988628,0.012318867635796527,83.00190566182103,0.04766578494015021
0.6970000000000005,0.005175094720827956,-0.014681976467776539,0.01231535176419059,83.00192324117904,0.047653826221045976
0.6980000000000005,0.005170946466615128,-0.01467680341313171,0.01231182750611936,83.0019408624694,0.04764187038108304
0.6990000000000005,0.005166817562370767,-0.014671634476537219,0.01230829468243162,83.00195852658786,0.04762991743116552
0.7000000000000005,0.005162708187705632,-0.014666469638399465,0.012304753205173987,83.00197623397412,0.047617967382462906
0.7010000000000005,0.00515861833960946,-0.014661308879128379,0.01230120307740053,83.00199398461301,0.04760602024624463
0.7020000000000005,0.005154547805909443,-0.01465615217934656,0.01229764441010744,83.00201177794946,0.04759407603405203
0.7030000000000005,0.005150496305324831,-0.014650999519958312,0.012294077345724028,83.00202961327138,0.04758213475723931
0.7040000000000005,0.005146463435298503,-0.0146458508822709,0.01229050209033242,83.00204748954833,0.047570196427029914
0.7050000000000005,0.005142448747219825,-0.014640706248040532,0.012286918873071189,83.00206540563465,0.04755826105465578
0.7060000000000005,0.005138451769398502,-0.01463556559949542,0.012283327935414508,83.00208336032293,0.04754632865074389
0.7070000000000005,0.005134472014761959,-0.014630428919351136,0.012279729528641462,83.00210135235679,0.04753439922606076
0.7080000000000005,0.005130509055275059,-0.014625296190751508,0.012276123872239737,83.0021193806388,0.04752247279074727
0.7090000000000005,0.005126562457869255,-0.014620167397273658,0.012272511192109823,83.00213744403946,0.04751054935483269
0.7100000000000005,0.005122631860317019,-0.014615042522857094,0.012268891676996865,83.00215554161502,0.04749862892795097
0.7110000000000005,0.005118716938601381,-0.014609921551765504,0.012265265497431654,83.00217367251284,0.04748671151959506
0.7120000000000005,0.005114817424024403,-0.014604804468531386,0.012261632795476821,83.00219183602263,0.047474797138794336
0.7130000000000005,0.00511093308067546,-0.01459969125792326,0.012257993698287355,83.00221003150855,0.04746288579466802
0.7140000000000005,0.005107063735352126,-0.01459458190488291,0.012254348298650292,83.00222825850675,0.04745097749592104
0.7150000000000005,0.005103209225191717,-0.014589476394515041,0.01225069668615795,83.0022465165692,0.04743907225131009
0.7160000000000005,0.005099369421266312,-0.014584374712053321,0.012247038931844544,83.00226480534079,0.04742717006925678
0.7170000000000005,0.005095544210591648,-0.01457927684284442,0.012243375098533191,83.00228312450734,0.04741527095831618
0.7180000000000005,0.005091733507677567,-0.014574182772320489,0.012239705234131449,83.00230147382935,0.047403374926719054
0.7190000000000005,0.005087937207193067,-0.014569092486018986,0.01223602939676484,83.00231985301619,0.047391481982847414
0.7200000000000005,0.005084155212116065,-0.014564005969574386,0.012232347640937493,83.0023382617953,0.047379592134869385
0.7210000000000005,0.005080387430427719,-0.014558923208713097,0.012228660016601705,83.002356699917,0.0473677053909887
0.7220000000000005,0.005076633756774116,-0.014553844189266836,0.0122249665810077,83.00237516709495,0.04735582175932388
0.7230000000000005,0.005072894081825238,-0.014548768897176566,0.012221267393282283,83.00239366303359,0.04734394124780275
0.7240000000000005,0.005069168273524682,-0.014543697318515243,0.012217562524916683,83.00241218737541,0.04733206386442175
0.7250000000000005,0.005065456212362983,-0.0145386294394752,0.012213852039572176,83.00243073980214,0.0473201896170888
0.7260000000000005,0.005061757755395567,-0.01453356524639163,0.012210136013859422,83.0024493199307,0.047308318513414105
0.7270000000000005,0.005058072747537085,-0.014528504725754674,0.012206414530943602,83.00246792734528,0.047296450561171356
0.7280000000000005,0.005054401051922167,-0.014523447864191229,0.012202687663685749,83.00248656168158,0.047284585767899644
0.7290000000000005,0.005050742508721403,-0.014518394648487863,0.012198955497531246,83.00250522251234,0.04727272414109234
0.7300000000000005,0.005047096973026481,-0.014513345065575915,0.012195218109249452,83.00252390945376,0.0472608656880724
0.7310000000000005,0.005043464277087863,-0.014508299102554323,0.01219147558987751,83.00254262205061,0.047249010416090156
0.7320000000000005,0.0050398442780968215,-0.014503256746664663,0.012187728014570522,83.00256135992714,0.047237158332273856
0.7330000000000005,0.005036236822031454,-0.014498217985302368,0.01218397546636508,83.00258012266818,0.04722530944364159
0.7340000000000005,0.005032641759114912,-0.014493182806012476,0.012180218025573961,83.00259890987213,0.04721346375705732
0.7350000000000005,0.005029058951274778,-0.014488151196477901,0.01217645576593551,83.00261772117032,0.047201621279479654
0.7360000000000005,0.005025488255991246,-0.014483123144523902,0.012172688764186274,83.00263655617908,0.04718978201753383
0.7370000000000005,0.005021929531233128,-0.014478098638117573,0.012168917096741092,83.0026554145163,0.047177945977856454
0.7380000000000005,0.0050183826587818225,-0.014473077665344019,0.012165140826536767,83.00267429586732,0.047166113166987815
0.7390000000000005,0.005014847500918386,-0.01446806021442586,0.01216136002821196,83.00269319985894,0.047154283591393155
0.7400000000000005,0.0050113239434095855,-0.01446304627369975,0.012157574762352819,83.00271212618824,0.04714245725736331
0.7410000000000005,0.005007811847392447,-0.014458035831640981,0.012153785104722144,83.00273107447639,0.04713063417121347
0.7420000000000005,0.005004311101825059,-0.01445302887683568,0.01214999111487168,83.00275004442565,0.04711881433922346
0.7430000000000005,0.0050008216055613,-0.01444802539797089,0.012146192845893503,83.00276903577054,0.0471069977673376
0.7440000000000005,0.004997343212885771,-0.014443025383879135,0.012142390377932025,83.00278804811035,0.04709518446164746
0.7450000000000006,0.004993875828197302,-0.014438028823488321,0.012138583761423143,83.00280708119288,0.047083374428114055
0.7460000000000006,0.004990419336487333,-0.014433035705841129,0.012134773058483107,83.00282613470758,0.04707156767256319
0.7470000000000006,0.0049869736118967,-0.014428046020105856,0.012130958337059392,83.0028452083147,0.04705976420079205
0.7480000000000006,0.004983538553934498,-0.014423059755551053,0.012127139651150606,83.00286430174425,0.047047964018469376
0.7490000000000006,0.00498011404804952,-0.01441807690155957,0.012123317062139559,83.0028834146893,0.047036167131253574
0.7500000000000006,0.004976699982175657,-0.014413097447626094,0.012119490630477153,83.00290254684761,0.04702437354461606
0.7510000000000006,0.004973296238858909,-0.014408121383362506,0.012115660419782018,83.0029216979011,0.047012583264129146
0.7520000000000006,0.004969902721370111,-0.014403148698477156,0.0121118264815155,83.00294086759243,0.047000796295120745
0.7530000000000006,0.004966519309158643,-0.014398179382798693,0.012107988881068048,83.00296005559466,0.046989012642900486
